tree
version=v4
num_class=1
num_tree_per_iteration=1
label_index=0
max_feature_idx=7
objective=regression
feature_names=gp_factor_0 gp_factor_1 gp_factor_2 gp_factor_3 gp_factor_4 gp_factor_5 gp_factor_6 gp_factor_7
feature_infos=[-12.941325960691801:10.344523880388435] [-23.469443247330204:23.897935358419467] [-15.590469706210133:20.604802579657918] [-3.1252670200454635:4.5873171092556451] [-3.7085719786843279:3.6147844564602556] [-4.3643578047198481:4.0503641779394597] [-2.6005590071148044:7.875] [-10.577555895880691:16.16543600902467]
tree_sizes=898 897 891 900 902 904 909 901 906 906 898 900 902 895 892 909 904 896 892 912 904 902 912 900 905 904 904 901 896 904 901 892 901 904 886 891 910 895 897 907 895 910 904 907 904 905 889 885 904 879 901 898 883 904 902 897 922 879 907 861 907 895 897 899 902 879 897 905

Tree=0
num_leaves=8
num_cat=0
split_feature=0 3 6 6 2 2 2
split_gain=54.8684 42.8211 35.9485 20.0545 29.1975 20.4877 17.7545
threshold=0.56493786731937556 0.59298524306137346 -0.32750192270821593 1.0000000180025095e-35 0.65297707308995356 -0.51923170851325284 0.32911022173708115
decision_type=2 2 2 2 2 2 2
left_child=1 2 -1 4 -2 -5 -3
right_child=3 6 -4 5 -6 -7 -8
leaf_value=-0.0046136465861729868 0.0011915509819669119 -0.00060403199311327412 -0.0014397384666835144 -0.0035233598725066366 -0.0093852420005912304 0.0049693333339047765 0.0023014539319835521
leaf_weight=15082 8108 30801 33185 868 720 6891 7545
leaf_count=15082 8108 30801 33185 868 720 6891 7545
internal_value=-0.00082416 -0.00137 -0.00243848 0.00200954 0.000225377 0.00399227 -2.4308e-05
internal_weight=103200 86613 48267 16587 8828 7759 38346
internal_count=103200 86613 48267 16587 8828 7759 38346
is_linear=0
shrinkage=1


Tree=1
num_leaves=8
num_cat=0
split_feature=1 0 6 0 0 6 1
split_gain=91.6374 56.002 34.5616 33.5975 44.2917 27.0946 17.0879
threshold=0.11201078665659613 -1.2723443459431494 0.0059209541559497557 -1.6512388702185492 0.26012802101546301 1.0369742705775329 0.018326163761088272
decision_type=2 2 2 2 2 2 2
left_child=1 6 -3 5 -5 -2 -1
right_child=3 2 -4 4 -6 -7 -8
leaf_value=-0.0070442669945204065 0.014922844231004869 -0.0015930244279531963 0.00074980647191275063 0.00078699550904011331 0.0058610420843686192 -0.0047596822555775829 0.0021579171817404804
leaf_weight=5018 955 38758 34690 15692 7287 191 609
leaf_count=5018 955 38758 34690 15692 7287 191 609
internal_value=-2.57013e-07 -0.000889582 -0.000487034 0.00290457 0.00241826 0.0115001 -0.0060236
internal_weight=103200 79075 73448 24125 22979 1146 5627
internal_count=103200 79075 73448 24125 22979 1146 5627
is_linear=0
shrinkage=0.054


Tree=2
num_leaves=8
num_cat=0
split_feature=4 0 6 2 0 2 6
split_gain=49.367 38.6312 29.1391 27.035 24.5175 21.35 18.8971
threshold=0.031208678602742002 0.42786025832722929 -0.35094613275064573 0.081600812776772863 0.80178322880431352 -0.40318158667626519 -0.027308700480632792
decision_type=2 2 2 2 2 2 2
left_child=1 3 5 -1 -4 -2 -3
right_child=2 6 4 -5 -6 -7 -8
leaf_value=-0.0029780305951089239 -0.0056626258137238601 -0.00058089406525431604 0.0014553516904598494 3.5131482441208029e-05 0.0058196781986433353 0 0.0040166743890369637
leaf_weight=26464 2141 5184 33572 12888 4135 13747 5069
leaf_count=26464 2141 5184 33572 12888 4135 13747 5069
internal_value=4.04055e-07 -0.00122568 0.00113546 -0.00199403 0.00195096 -0.000799924 0.00171202
internal_weight=103200 49605 53595 39352 37707 15888 10253
internal_count=103200 49605 53595 39352 37707 15888 10253
is_linear=0
shrinkage=0.054


Tree=3
num_leaves=8
num_cat=0
split_feature=3 5 5 6 2 6 3
split_gain=42.5286 66.9139 43.9656 40.5071 22.1181 20.9658 10.6019
threshold=0.68565353127012629 -0.18849966465692161 -2.2657132272521521 -0.32750192270821593 0.1043774834146816 -1.8402888435481153 1.1271240366124893
decision_type=2 2 2 2 2 2 2
left_child=2 6 4 -4 -1 -3 -2
right_child=1 5 3 -5 -6 -7 -8
leaf_value=-0.019568073806224794 -0.00204754623243192 -0.0030882307943120814 -0.0028844732661630515 0.00018564479928408033 -0.00050763744973608455 0.0031761651064422473 0.0022994835192531667
leaf_weight=431 14015 1560 18087 40156 272 26930 1749
leaf_count=431 14015 1560 18087 40156 272 26930 1749
internal_value=5.13257e-07 0.0012638 -0.000948503 -0.000771685 -0.0133459 0.00282154 -0.00155135
internal_weight=103200 44254 58946 58243 703 28490 15764
internal_count=103200 44254 58946 58243 703 28490 15764
is_linear=0
shrinkage=0.054


Tree=4
num_leaves=8
num_cat=0
split_feature=1 4 7 2 1 7 7
split_gain=81.6778 34.5518 51.4723 33.965 37.5965 28.9801 21.3168
threshold=0.11201078665659613 -0.062480784542976404 0.021458390031434831 -0.19860268095754077 0.64342170138731591 1.9804717361168229 3.2859548001908609
decision_type=2 2 2 2 2 2 2
left_child=1 2 -1 4 -2 -5 -3
right_child=3 6 -4 5 -6 -7 -8
leaf_value=-0.0039635865573118987 0.0016948938959193496 1.9081557573438198e-05 0.00017013988413845473 0.003297231565810509 -0.0082561085383977394 0.012917225955502723 0.0093246253325989185
leaf_weight=19294 3958 43149 16022 17902 1402 863 610
leaf_count=19294 3958 43149 16022 17902 1402 863 610
internal_value=-8.7335e-07 -0.000840482 -0.00209391 0.00274156 -0.00103126 0.00381906 0.000174008
internal_weight=103200 79075 35316 24125 5360 18765 43759
internal_count=103200 79075 35316 24125 5360 18765 43759
is_linear=0
shrinkage=0.054


Tree=5
num_leaves=8
num_cat=0
split_feature=1 5 1 5 2 6 1
split_gain=73.1866 46.8572 43.6572 31.7251 44.9023 23.5455 15.7043
threshold=0.11201078665659613 -0.16601268682297665 -0.71810102789280006 -1.4576685325453049 -0.19860268095754077 -1.0228788140507599 0.21025517116457601
decision_type=2 2 2 2 2 2 2
left_child=1 2 -1 6 -5 -3 -2
right_child=3 5 -4 4 -6 -7 -8
leaf_value=-0.010151042670788256 0.0043602902358262372 -0.0021768966874010816 -0.0019700180870518341 -0.0012882006839564212 0.004527763200489112 0.00072925807752589205 -0.0058241694235265842
leaf_weight=1949 485 9973 25480 4943 16990 41673 1707
leaf_count=1949 485 9973 25480 4943 16990 41673 1707
internal_value=8.2081e-08 -0.000794636 -0.00259311 0.0025961 0.00321703 0.000164273 -0.00346024
internal_weight=103200 79075 27429 24125 21933 51646 2192
internal_count=103200 79075 27429 24125 21933 51646 2192
is_linear=0
shrinkage=0.054


Tree=6
num_leaves=8
num_cat=0
split_feature=4 3 6 3 3 2 6
split_gain=40.8598 24.2183 27.8358 21.0826 19.5405 16.7727 14.4983
threshold=0.052456058723696443 0.74311525149148705 -0.32750192270821593 -1.3436986781471512 1.2540069961680615 0.073922560569938955 0.77022427018351503
decision_type=2 2 2 2 2 2 2
left_child=3 2 -2 6 -3 -5 -1
right_child=1 4 -4 5 -6 -7 -8
leaf_value=-0.0048304820782130165 -0.0023832522096400976 0.002615347900535614 0.0011346410319748423 -0.0013849401630018456 -0.0098262724536371544 0.00087289288901525291 0.00070443310284013438
leaf_weight=6208 9280 21662 21580 28029 259 14454 1728
leaf_count=6208 9280 21662 21580 28029 259 14454 1728
internal_value=-6.14088e-07 0.00104837 7.15442e-05 -0.00109868 0.00241553 -0.000616399 -0.00363242
internal_weight=103200 52781 30860 50419 21921 42483 7936
internal_count=103200 52781 30860 50419 21921 42483 7936
is_linear=0
shrinkage=0.054


Tree=7
num_leaves=8
num_cat=0
split_feature=1 3 3 1 2 1 3
split_gain=65.4879 30.5336 29.5543 29.2077 20.4587 17.218 15.3844
threshold=0.11201078665659613 0.6439113789933687 1.0708836211140713 0.23330744465088013 0.058994978537524903 0.55179292821065418 1.2540069961680615
decision_type=2 2 2 2 2 2 2
left_child=1 4 3 -2 -1 -4 -3
right_child=2 6 5 -5 -6 -7 -8
leaf_value=-0.0025514706955230872 0.0048601079827148277 0.00057753804756912859 0.0041857232086335398 0.00048080986620837387 -0.00014752217898248804 0.013490267523579501 -0.0099604397699546553
leaf_weight=28471 6161 34130 1813 15272 16185 879 289
leaf_count=28471 6161 34130 1813 15272 16185 879 289
internal_value=-1.40094e-06 -0.000753208 0.00245423 0.00175983 -0.00168298 0.00767087 0.000454679
internal_weight=103200 79075 24125 21433 44656 2692 34419
internal_count=103200 79075 24125 21433 44656 2692 34419
is_linear=0
shrinkage=0.054


Tree=8
num_leaves=8
num_cat=0
split_feature=1 4 3 1 3 2 1
split_gain=58.8831 27.9917 26.8222 26.1991 24.8533 22.095 15.6778
threshold=0.11201078665659613 -0.062480784542976404 1.0708836211140713 0.23330744465088013 -1.4779445868023426 0.0016371833094468164 0.55179292821065418
decision_type=2 2 2 2 2 2 2
left_child=1 5 3 -2 -3 -1 -4
right_child=2 4 6 -5 -6 -7 -8
leaf_value=-0.0030969729360268072 0.0046026763612953331 -0.0047726483115214423 0.0039737261653928985 0.00045504863050682063 0.0005303230400665193 -0.0003897938194779094 0.012849297501218529
leaf_weight=18867 6161 2629 1813 15272 41130 16449 879
leaf_count=18867 6161 2629 1813 15272 41130 16449 879
internal_value=-6.35154e-07 -0.000713525 0.00232787 0.00166641 0.000199483 -0.00184173 0.00729743
internal_weight=103200 79075 24125 21433 43759 35316 2692
internal_count=103200 79075 24125 21433 43759 35316 2692
is_linear=0
shrinkage=0.054


Tree=9
num_leaves=8
num_cat=0
split_feature=7 4 7 6 2 4 2
split_gain=35.7785 30.2383 28.3882 26.8057 20.4726 17.7291 12.6913
threshold=1.0698128986569195 0.052456058723696443 0.021458390031434831 -0.3388959259823458 -1.5839960429232198 -0.22489756293094876 -0.051937152703099169
decision_type=2 2 2 2 2 2 2
left_child=1 2 -1 6 -3 -5 -2
right_child=3 4 -4 5 -6 -7 -8
leaf_value=-0.0024035902891448159 -0.0050720819270334205 -0.0047134711169784472 0.00032129864525919555 0.0014180402497834326 0.00086286618471416888 0.0075001428242492257 0.0019838518838158669
leaf_weight=27326 1181 1884 18730 2298 46416 3737 1628
leaf_count=27326 1181 1884 18730 2298 46416 3737 1628
internal_value=2.38596e-07 -0.000309086 -0.00129742 0.00326066 0.000634156 0.00525744 -0.00106805
internal_weight=103200 94356 46056 8844 48300 6035 2809
internal_count=103200 94356 46056 8844 48300 6035 2809
is_linear=0
shrinkage=0.054


Tree=10
num_leaves=8
num_cat=0
split_feature=1 0 7 0 2 0 2
split_gain=52.6529 49.5483 31.4803 30.8646 37.4028 15.1264 11.0182
threshold=0.11201078665659613 -1.2723443459431494 1.0698128986569195 -1.6512388702185492 -0.19860268095754077 -3.2205058503242974 -0.12638512902833224
decision_type=2 2 2 2 2 2 2
left_child=1 5 -3 6 -5 -1 -2
right_child=3 2 -4 4 -6 -7 -8
leaf_value=-0.00024838432515951117 0.017150507638890828 -0.00062001494014292369 0.0035387629874137332 -0.0022896690224909208 0.0029029851644082373 -0.0069709726092836181 0.005351543278836887
leaf_weight=1260 370 67810 5638 5121 17858 4367 776
leaf_count=1260 370 67810 5638 5121 17858 4367 776
internal_value=2.20687e-07 -0.000673851 -0.000295491 0.00220215 0.00173977 -0.00550274 0.0104277
internal_weight=103200 79075 73448 24125 22979 5627 1146
internal_count=103200 79075 73448 24125 22979 5627 1146
is_linear=0
shrinkage=0.054


Tree=11
num_leaves=8
num_cat=0
split_feature=0 7 2 6 2 7 0
split_gain=37.7893 39.4209 26.5176 21.0453 48.6618 18.6012 16.3436
threshold=0.17744545555134608 1.0698128986569195 -0.1428930701009696 -1.0483835138663087 0.070882579234016654 1.6559318333896214 2.8611773850965698
decision_type=2 2 2 2 2 2 2
left_child=3 6 -3 4 -1 -5 -2
right_child=1 2 -4 5 -6 -7 -8
leaf_value=-0.0051604772495281691 0.00077860223307030262 -0.0005290640317316209 0.007475343446431441 -0.00050885363509087201 0.0029609187638968029 0.0055638795466143543 -0.0077388635201252852
leaf_weight=7751 30273 1627 4385 54350 2870 1392 552
leaf_count=7751 30273 1627 4385 54350 2870 1392 552
internal_value=1.38742e-06 0.00138575 0.00534074 -0.00076812 -0.00295711 -0.00034553 0.000596569
internal_weight=103200 36837 6012 66363 10621 55742 30825
internal_count=103200 36837 6012 66363 10621 55742 30825
is_linear=0
shrinkage=0.054


Tree=12
num_leaves=8
num_cat=0
split_feature=1 2 4 7 7 2 7
split_gain=47.162 23.0554 22.3941 40.2159 17.1758 15.9333 14.523
threshold=0.11201078665659613 -0.62460195524087114 -0.062480784542976404 0.021458390031434831 3.2859548001908609 2.6228204341966674 -0.11826402841709585
decision_type=2 2 2 2 2 2 2
left_child=2 6 3 -1 -4 -3 -2
right_child=1 5 4 -5 -6 -7 -8
leaf_value=-0.0032983116337432813 0.0020150709647617504 0.0023518718956339318 4.1013716420348212e-05 0.00035423129875005528 0.0083940642530496608 0.011972684542367495 -0.0069024050009658441
leaf_weight=19294 828 21715 43149 16022 610 403 1179
leaf_count=19294 828 21715 43149 16022 610 403 1179
internal_value=1.48925e-06 0.00208544 -0.000636467 -0.00164558 0.000180154 0.00259095 -0.00331605
internal_weight=103200 24125 79075 35316 43759 22118 2007
internal_count=103200 24125 79075 35316 43759 22118 2007
is_linear=0
shrinkage=0.054


Tree=13
num_leaves=8
num_cat=0
split_feature=5 2 0 5 6 5 0
split_gain=36.577 42.9066 32.6833 46.0791 28.0588 20.4326 10.6049
threshold=-2.1710185118257992 0.49504008493408341 0.56493786731937556 0.63414557065937094 0.87689066733119969 0.37519391683283937 -0.35470641285746646
decision_type=2 2 2 2 2 2 2
left_child=1 4 3 -2 -1 -4 -3
right_child=2 6 5 -5 -6 -7 -8
leaf_value=-0.011891565708547184 -0.00091149781845850078 -0.0037572201399398699 0.0034151862273072374 0.0021733187461268535 0.0046757981751590089 -0.0011356997732283091 0.012298913238597673
leaf_weight=1771 66829 104 12480 17775 287 3662 292
leaf_count=1771 66829 104 12480 17775 287 3662 292
internal_value=2.34936e-06 -0.00635418 0.000164586 -0.000261197 -0.00944959 0.00238184 0.00818379
internal_weight=103200 2454 100746 84604 2058 16142 396
internal_count=103200 2454 100746 84604 2058 16142 396
is_linear=0
shrinkage=0.054


Tree=14
num_leaves=8
num_cat=0
split_feature=5 2 4 5 5 6 2
split_gain=33.3041 31.464 28.2242 26.1209 25.4498 17.5903 3.79629
threshold=-2.2657132272521521 0.50811971157840163 0.052456058723696443 -0.15603020266768916 1.3256500784706613 0.067133933842968632 0.89976383597671805
decision_type=2 2 2 2 2 2 2
left_child=1 5 4 -4 -2 -1 -3
right_child=2 6 3 -5 -6 -7 -8
leaf_value=-0.014388472346965952 -0.0012586210011542277 0.011159152903302652 -0.00062876200610361343 0.0019029729749941539 0.0023620914262411771 -0.0014980320252723288 -0.00081364070181147137
leaf_weight=915 43328 151 18288 33552 6396 484 86
leaf_count=915 43328 151 18288 33552 6396 484 86
internal_value=2.5263e-06 -0.00737076 0.000129881 0.00101039 -0.000788269 -0.0104013 0.00799389
internal_weight=103200 1636 101564 51840 49724 1399 237
internal_count=103200 1636 101564 51840 49724 1399 237
is_linear=0
shrinkage=0.054


Tree=15
num_leaves=8
num_cat=0
split_feature=1 2 1 2 6 2 1
split_gain=42.323 21.2442 33.4094 19.168 31.6657 19.692 18.7925
threshold=0.11201078665659613 -0.19860268095754077 0.64342170138731591 -0.0063092311552146218 0.07755385930852661 0.013559875766079256 2.0429980177159934
decision_type=2 2 2 2 2 2 2
left_child=3 2 -2 4 -1 -5 -3
right_child=1 6 -4 5 -6 -7 -8
leaf_value=-0.0026539288680395784 0.0015664265816856442 0.0023225456719830817 -0.0078144486530036302 0.0041935150313144112 0.00044604139676497943 -0.00012217726459841724 0.0088207227065345319
leaf_weight=24207 3958 17457 1402 3253 15829 35786 1308
leaf_count=24207 3958 17457 1402 3253 15829 35786 1308
internal_value=2.18728e-06 0.00197634 -0.0010042 -0.000602155 -0.00143056 0.000249116 0.00282881
internal_weight=103200 24125 5360 79075 40036 39039 18765
internal_count=103200 24125 5360 79075 40036 39039 18765
is_linear=0
shrinkage=0.054


Tree=16
num_leaves=8
num_cat=0
split_feature=1 7 1 7 2 2 2
split_gain=38.4536 36.9403 40.5949 24.378 25.1074 20.6795 12.8395
threshold=-0.047443792571245064 0.10500445808350621 -0.066084035705455069 4.2786813779922612 0.24692191465796873 -0.034216255400783477 -0.19297809241381356
decision_type=2 2 2 2 2 2 2
left_child=1 2 -1 4 -2 -3 -5
right_child=3 5 -4 6 -6 -7 -8
leaf_value=-0.0013731997775735343 0.00032407829513238782 -0.001018031905114178 -0.0072930332573625531 -0.0031248909811339362 0.0033205256115525221 0.0022589012261441718 0.016106800332002746
leaf_weight=31407 34665 10135 3681 85 10556 12324 347
leaf_count=31407 34665 10135 3681 85 10556 12324 347
internal_value=2.49447e-06 -0.000925079 -0.00201705 0.00117115 0.00103054 0.000782459 0.0124612
internal_weight=103200 57547 35088 45653 45221 22459 432
internal_count=103200 57547 35088 45653 45221 22459 432
is_linear=0
shrinkage=0.054


Tree=17
num_leaves=8
num_cat=0
split_feature=5 0 5 4 6 6 5
split_gain=30.142 28.5228 40.8951 19.1278 11.2921 19.7046 4.93132
threshold=-2.2657132272521521 0.17744545555134608 0.35884350911093349 -1.7758233473864611 0.067133933842968632 -0.51682234940565663 -2.4011889942291478
decision_type=2 2 2 2 2 2 2
left_child=4 2 -2 -3 5 -1 -6
right_child=1 3 -4 -5 6 -7 -8
leaf_value=0.00087511954349202379 -0.0013719541623615182 -0.0035083139262720234 0.0016605870284000209 0.0016497862296647309 -0.0047273141363697747 -0.014327178895117599 0.0037252756541070122
leaf_weight=331 47653 2122 17685 34104 285 738 282
leaf_count=331 47653 2122 17685 34104 285 738 282
internal_value=2.93542e-06 0.000124094 -0.000549557 0.00133698 -0.00701158 -0.0100045 -0.000603059
internal_weight=103200 101564 65338 36226 1636 1069 567
internal_count=103200 101564 65338 36226 1636 1069 567
is_linear=0
shrinkage=0.054


Tree=18
num_leaves=8
num_cat=0
split_feature=1 3 3 1 7 1 3
split_gain=35.503 26.6153 24.2987 23.2894 18.227 14.5183 14.4773
threshold=0.11201078665659613 0.6439113789933687 1.0708836211140713 0.23330744465088013 1.0698128986569195 0.55179292821065418 1.2540069961680615
decision_type=2 2 2 2 2 2 2
left_child=1 4 3 -2 -1 -4 -3
right_child=2 6 5 -5 -6 -7 -8
leaf_value=-0.0017452766138011356 0.0039510780342504109 0.00069433260963235749 0.0033799691877808491 4.4250022686982425e-05 0.0021968730115358142 0.011853089348132393 -0.009530160924313193
leaf_weight=41028 6161 34130 1813 15272 3628 879 289
leaf_count=41028 6161 34130 1813 15272 3628 879 289
internal_value=1.7705e-06 -0.000551739 0.00180988 0.00118315 -0.00141991 0.00653535 0.000575592
internal_weight=103200 79075 24125 21433 44656 2692 34419
internal_count=103200 79075 24125 21433 44656 2692 34419
is_linear=0
shrinkage=0.054


Tree=19
num_leaves=8
num_cat=0
split_feature=4 7 7 6 7 2 2
split_gain=24.4415 28.3825 23.6281 18.9397 26.1398 17.4115 15.3966
threshold=0.052456058723696443 0.021458390031434831 -1.4370367979491063 -0.35094613275064573 3.2859548001908609 -0.22214439928402016 -0.40318158667626519
decision_type=2 2 2 2 2 2 2
left_child=1 2 -1 6 -5 -3 -2
right_child=3 5 -4 4 -6 -7 -8
leaf_value=0.0025155771577231451 -0.0049139930735974582 -0.0022349192002392259 -0.0025681088807663348 0.0012723945262610875 0.011737574437380965 0.0013267587091108223 -7.179594401926849e-05
leaf_weight=2894 2111 5015 24432 36532 592 18078 13546
leaf_count=2894 2111 5015 24432 36532 592 18078 13546
internal_value=2.35928e-06 -0.000846861 -0.00202097 0.000813708 0.00147663 0.000545614 -0.00075724
internal_weight=103200 50419 27326 52781 37124 23093 15657
internal_count=103200 50419 27326 52781 37124 23093 15657
is_linear=0
shrinkage=0.054


Tree=20
num_leaves=8
num_cat=0
split_feature=4 7 7 7 6 2 6
split_gain=22.2496 22.0311 32.1659 18.2127 34.07 23.9412 8.03329
threshold=-0.22489756293094876 0.021458390031434831 -1.6009268708685298 1.1137976383197026 -1.318081913048377 -1.5839960429232198 -0.53286136123701666
decision_type=2 2 2 2 2 2 2
left_child=1 2 -1 5 -5 -2 -3
right_child=3 6 -4 4 -6 -7 -8
leaf_value=0.0041049813597817519 -0.0049988275467269709 0.0021601464285682928 -0.0028425770852513912 -0.0082691182049518773 0.005171629823370362 0.00057765798261653098 -0.00033067475531477588
leaf_weight=2051 2219 5162 19481 513 4632 55992 13150
leaf_count=2051 2219 5162 19481 513 4632 55992 13150
internal_value=2.67345e-06 -0.000995418 -0.00216159 0.000631102 0.00367304 0.00035519 0.000380813
internal_weight=103200 39844 21532 63356 5145 58211 18312
internal_count=103200 39844 21532 63356 5145 58211 18312
is_linear=0
shrinkage=0.054


Tree=21
num_leaves=8
num_cat=0
split_feature=1 0 1 4 1 0 1
split_gain=32.2318 38.7959 28.4111 24.4295 19.3163 36.5791 18.4213
threshold=-0.047443792571245064 0.17744545555134608 -0.067224708798718683 -1.9150342292373546 2.0429980177159934 0.11953153514636065 0.76379340546049423
decision_type=2 2 2 2 2 2 2
left_child=1 2 -1 -3 6 -6 -2
right_child=4 3 -4 -5 5 -7 -8
leaf_value=-0.0013474093511638727 0.0012016215214863241 -0.0071731975079969397 -0.0060324076355865773 0.0014302974106209555 -0.0018185807629532355 0.013736464570069565 -0.0025845185012515867
leaf_weight=32676 40025 893 4171 19807 770 838 4020
leaf_count=32676 40025 893 4171 19807 770 838 4020
internal_value=2.25005e-06 -0.000846972 -0.00189567 0.00101981 0.00107219 0.00667725 0.000849915
internal_weight=103200 57547 36847 20700 45653 1608 44045
internal_count=103200 57547 36847 20700 45653 1608 44045
is_linear=0
shrinkage=0.054


Tree=22
num_leaves=8
num_cat=0
split_feature=1 5 7 5 2 1 1
split_gain=29.6218 39.2859 35.5636 26.0808 27.3439 17.0533 13.5567
threshold=0.11201078665659613 0.081831841336077807 -0.093405355105135188 -1.1021337625172516 -0.62460195524087114 -0.19602126748493384 0.22593468149815044
decision_type=2 2 2 2 2 2 2
left_child=1 2 -1 6 -5 -3 -2
right_child=3 5 -4 4 -6 -7 -8
leaf_value=-0.0032234116635057289 0.002780317614586534 0.0029781512847386216 -0.00020354376796512553 -0.0038629823723405963 0.0029405617814964942 0.00018737967036929439 -0.0049141902398765116
leaf_weight=20022 830 8544 26160 1788 19192 24349 2315
leaf_count=20022 830 8544 26160 1788 19192 24349 2315
internal_value=1.96201e-06 -0.000503626 -0.00151781 0.00165354 0.00234194 0.000920558 -0.00285515
internal_weight=103200 79075 46182 24125 20980 32893 3145
internal_count=103200 79075 46182 24125 20980 32893 3145
is_linear=0
shrinkage=0.054


Tree=23
num_leaves=8
num_cat=0
split_feature=5 0 5 5 6 6 0
split_gain=26.9166 22.0387 35.2408 19.0119 13.4216 18.9076 7.43737
threshold=-2.1710185118257992 0.56493786731937556 0.63414557065937094 0.37519391683283937 0.016001479123801617 -0.37585882988551883 -0.20575167596962743
decision_type=2 2 2 2 2 2 2
left_child=4 2 -2 -3 5 -1 -6
right_child=1 3 -4 -5 6 -7 -8
leaf_value=-0.0010400516612573373 -0.00077754691607384292 0.0029592616098696165 0.0019201798360300132 -0.0014239353139656118 -0.0066736895379045707 -0.013310513612593519 0.0024165081042483044
leaf_weight=629 66829 12480 17775 3662 261 838 726
leaf_count=629 66829 12480 17775 3662 261 838 726
internal_value=1.64655e-06 0.000140823 -0.000208815 0.00196155 -0.00545124 -0.00852752 -0.000447705
internal_weight=103200 100746 84604 16142 2454 1467 987
internal_count=103200 100746 84604 16142 2454 1467 987
is_linear=0
shrinkage=0.054


Tree=24
num_leaves=8
num_cat=0
split_feature=3 6 0 2 6 0 2
split_gain=26.2686 29.8134 20.4251 17.4349 13.6825 9.89534 8.5909
threshold=0.68565353127012629 -0.31638060998359224 -1.2723443459431494 0.070882579234016654 -1.8402888435481153 -1.1761358915951881 0.36296415658877845
decision_type=2 2 2 2 2 2 2
left_child=1 3 -3 -1 6 -6 -2
right_child=4 2 -4 -5 5 -7 -8
leaf_value=-0.0035852893949238733 -0.0045684037596418845 -0.0045394125927309664 0.00039516807154003837 5.6165018728842921e-05 -0.0014308233686456174 0.0014440877426803375 0.0077356931489719468
leaf_weight=13130 1650 2494 37934 5388 3739 38791 74
leaf_count=13130 1650 2494 37934 5388 3739 38791 74
internal_value=5.54339e-07 -0.00074529 7.81543e-05 -0.00253209 0.000993404 0.00118796 -0.00356977
internal_weight=103200 58946 40428 18518 44254 42530 1724
internal_count=103200 58946 40428 18518 44254 42530 1724
is_linear=0
shrinkage=0.054


Tree=25
num_leaves=8
num_cat=0
split_feature=1 5 5 6 2 5 6
split_gain=27.7352 45.0735 39.2355 33.6185 31.115 21.1132 16.6785
threshold=-0.050020633194743806 0.086073005236218567 -2.1254780671206999 -1.4713992510144307 0.26562918653255996 2.4188125087761425 -0.32750192270821593
decision_type=2 2 2 2 2 2 2
left_child=1 3 4 -1 -2 -3 -4
right_child=2 5 6 -5 -6 -7 -8
leaf_value=-0.0092667448375782745 -0.01258828523188784 0.00072365966793536108 -0.00027706029504084476 -0.0016821769294800822 0.0043772205023222934 0.011774273752653972 0.0019547581088875652
leaf_weight=1694 946 23805 14196 30836 376 396 30951
leaf_count=1694 946 23805 14196 30836 376 396 30951
internal_value=2.41212e-07 -0.000800189 0.000977037 -0.00210983 -0.00779841 0.000961794 0.00125405
internal_weight=103200 56731 46469 32530 1322 24201 45147
internal_count=103200 56731 46469 32530 1322 24201 45147
is_linear=0
shrinkage=0.054


Tree=26
num_leaves=8
num_cat=0
split_feature=4 0 7 2 7 7 7
split_gain=19.9053 22.8836 19.6135 13.4405 18.1333 14.1418 13.0143
threshold=0.052456058723696443 0.42786025832722929 -1.6009268708685298 0.37467378716160554 3.2859548001908609 -0.76621755034985839 0.051570689274154119
decision_type=2 2 2 2 2 2 2
left_child=1 2 -1 4 -2 -5 -3
right_child=3 6 -4 5 -6 -7 -8
leaf_value=0.003562531884209433 0.00015090997700156343 -0.0011968591042793516 -0.0016391579118454369 0.0078345182663581599 0.0081694675097954642 0.0017057221540824254 0.0028110826866051576
leaf_weight=2127 41916 3466 37886 1154 719 8992 6940
leaf_count=2127 41916 3466 37886 1154 719 8992 6940
internal_value=-3.35643e-08 -0.000766454 -0.00135276 0.000732116 0.000308748 0.0024865 0.00147745
internal_weight=103200 50419 40013 52781 42635 10146 10406
internal_count=103200 50419 40013 52781 42635 10146 10406
is_linear=0
shrinkage=0.054


Tree=27
num_leaves=8
num_cat=0
split_feature=3 4 6 7 4 3 6
split_gain=23.532 32.2188 32.1429 17.2724 15.7347 16.9033 16.5495
threshold=0.59298524306137346 -1.1165676326190195 -0.32750192270821593 -1.7045660863060814 0.40838419402883036 1.2540069961680615 0.22865239048094735
decision_type=2 2 2 2 2 2 2
left_child=1 3 -3 -1 6 -6 -2
right_child=4 2 -4 -5 5 -7 -8
leaf_value=0.0066646757490720424 0.00099047558393845639 -0.0023112089034297424 0.00070327433561730959 -0.0044418623765625394 0.0023782131615824225 -0.01004435495911987 -0.0017749481906544386
leaf_weight=327 19981 14694 33844 7645 17422 209 9078
leaf_count=327 19981 14694 33844 7645 17422 209 9078
internal_value=1.26508e-06 -0.00073921 -0.0002127 -0.00389388 0.000897135 0.0021639 0.000122721
internal_weight=103200 56510 48538 7972 46690 17631 29059
internal_count=103200 56510 48538 7972 46690 17631 29059
is_linear=0
shrinkage=0.054


Tree=28
num_leaves=8
num_cat=0
split_feature=5 2 4 7 5 2 2
split_gain=23.5793 28.495 16.4057 21.6242 20.8979 10.1825 8.93714
threshold=-2.2657132272521521 0.056589172369383163 0.052456058723696443 0.021458390031434831 -0.15603020266768916 -0.650251642602518 0.50811971157840163
decision_type=2 2 2 2 2 2 2
left_child=1 5 3 -2 -4 -1 -3
right_child=2 6 4 -5 -6 -7 -8
leaf_value=0.001765677509514185 -0.0016223379679532603 -0.0026209203850602967 -0.00068638275121617697 0.00063339614681385257 0.0015776732766298162 -0.014501466648935426 0.0079314222559990245
leaf_weight=101 26995 569 18288 22729 33552 729 237
leaf_count=101 26995 569 18288 22729 33552 729 237
internal_value=7.03916e-07 -0.00620338 0.000107869 -0.000592138 0.000779172 -0.0125461 0.00110476
internal_weight=103200 1636 101564 49724 51840 830 806
internal_count=103200 1636 101564 49724 51840 830 806
is_linear=0
shrinkage=0.054


Tree=29
num_leaves=8
num_cat=0
split_feature=2 7 6 4 6 7 6
split_gain=16.2515 18.2243 19.5943 11.7395 29.9695 21.8288 10.3963
threshold=0.35098748736966623 3.2859548001908609 -0.97318365909293369 0.57019662469602483 -0.0083426560106034438 -0.6749546782594823 1.9034509124142829
decision_type=2 2 2 2 2 2 2
left_child=1 6 -3 5 -5 -2 -1
right_child=3 2 -4 4 -6 -7 -8
leaf_value=-0.00030738118253947612 -0.0049674693363423424 -0.0061497073790308361 0.0083925706430137744 -0.00067961512909801695 0.0065978325885313969 0.0013447834902826981 -0.0033644610701516636
leaf_weight=79188 1743 249 1154 3019 3464 11118 3265
leaf_count=79188 1743 249 1154 3019 3464 11118 3265
internal_value=1.92674e-07 -0.000325644 0.00552869 0.00140613 0.0032577 0.000451089 -0.000433183
internal_weight=103200 83856 1403 19344 6483 12861 82453
internal_count=103200 83856 1403 19344 6483 12861 82453
is_linear=0
shrinkage=0.054


Tree=30
num_leaves=8
num_cat=0
split_feature=0 7 2 7 7 2 2
split_gain=18.102 25.0922 26.8491 18.0276 23.4903 14.1128 11.2354
threshold=0.17744545555134608 0.51399122087746896 -2.1640243961065067 0.64194029405183095 1.6559318333896214 0.086590059714518872 -2.1640243961065067
decision_type=2 2 2 2 2 2 2
left_child=3 2 -2 5 -5 -1 -3
right_child=1 6 -4 4 -6 -7 -8
leaf_value=-0.0008475589175453897 -0.010055261045913597 0.01247723455031443 0.00032031810118277623 -0.0060004792152923104 0.0016532051841737802 0.0008898961656271711 0.0027227163716708105
leaf_weight=40890 629 248 24941 3506 1661 20306 11019
leaf_count=40890 629 248 24941 3506 1661 20306 11019
internal_value=2.32385e-07 0.000958378 1.9206e-05 -0.000532347 -0.00355791 -0.000270381 0.00306689
internal_weight=103200 36837 25570 66363 5167 61196 11267
internal_count=103200 36837 25570 66363 5167 61196 11267
is_linear=0
shrinkage=0.054


Tree=31
num_leaves=8
num_cat=0
split_feature=5 0 5 6 6 6 5
split_gain=21.3329 16.598 38.8741 16.3452 9.37052 17.1368 4.48416
threshold=-2.2657132272521521 -1.1761358915951881 1.2537551998682286 -0.31638060998359224 0.067133933842968632 -0.51682234940565663 -2.4011889942291478
decision_type=2 2 2 2 2 2 2
left_child=4 2 -2 -3 5 -1 -6
right_child=1 3 -4 -5 6 -7 -8
leaf_value=0.0013476797229779198 -0.0035639397008725925 -0.00073575550419663382 0.0078468812244029806 0.00079397887260205364 -0.0041427505546311541 -0.012664061599794182 0.0039083911108381266
leaf_weight=331 7190 29805 874 63695 285 738 282
leaf_count=331 7190 29805 874 63695 285 738 282
internal_value=2.94009e-07 0.000102228 -0.00222995 0.000305998 -0.00590086 -0.00862511 -0.000151297
internal_weight=103200 101564 8064 93500 1636 1069 567
internal_count=103200 101564 8064 93500 1636 1069 567
is_linear=0
shrinkage=0.054


Tree=32
num_leaves=8
num_cat=0
split_feature=3 4 7 7 4 3 7
split_gain=21.3868 23.6843 25.0683 18.968 16.0157 16.1631 12.2447
threshold=0.71096241413364258 -1.1165676326190195 1.1137976383197026 -1.7045660863060814 0.40838419402883036 1.2540069961680615 -2.5073049166878341
decision_type=2 2 2 2 2 2 2
left_child=1 3 -3 -1 6 -6 -2
right_child=4 2 -4 -5 5 -7 -8
leaf_value=0.0074050506008067766 0.0072759433003508952 -0.00058250468762024554 0.0037120906771431479 -0.0038520957899331361 0.0024573048325605687 -0.0097060353027854825 -8.3636276326189872e-05
leaf_weight=352 556 47082 4207 8117 16219 209 26458
leaf_count=352 556 47082 4207 8117 16219 209 26458
internal_value=-1.23193e-07 -0.00066243 -0.000222344 -0.00328698 0.000910187 0.00223314 9.92464e-05
internal_weight=103200 59758 51289 8469 43442 16428 27014
internal_count=103200 59758 51289 8469 43442 16428 27014
is_linear=0
shrinkage=0.054


Tree=33
num_leaves=8
num_cat=0
split_feature=0 7 2 7 7 6 2
split_gain=15.5928 21.8907 24.4844 16.4064 20.796 14.4375 10.5712
threshold=0.17744545555134608 0.51399122087746896 -2.1640243961065067 0.64194029405183095 1.6559318333896214 -1.0228788140507599 -2.1640243961065067
decision_type=2 2 2 2 2 2 2
left_child=3 2 -2 5 -5 -1 -3
right_child=1 6 -4 4 -6 -7 -8
leaf_value=-0.0021072738755620267 -0.0096082380655278053 0.011976554192451295 0.00029989644955338878 -0.0056783337925307214 0.0015244832572449821 0.00012404483731953285 0.0025266615911390578
leaf_weight=10006 629 248 24941 3506 1661 51190 11019
leaf_count=10006 629 248 24941 3506 1661 51190 11019
internal_value=2.48178e-07 0.000889512 1.23174e-05 -0.000494041 -0.00338034 -0.000244158 0.00285892
internal_weight=103200 36837 25570 66363 5167 61196 11267
internal_count=103200 36837 25570 66363 5167 61196 11267
is_linear=0
shrinkage=0.054


Tree=34
num_leaves=8
num_cat=0
split_feature=1 7 6 1 1 2 7
split_gain=25.2218 69.7443 23.6796 22.1777 21.6839 20.0851 18.0524
threshold=-0.71810102789280006 1.3972137374359315 -1.2687999012608524 -2.0055468765714308 2.0429980177159934 0.35098748736966623 -0.17614514160468661
decision_type=2 2 2 2 2 2 2
left_child=1 3 -3 -1 5 -2 -6
right_child=4 2 -4 -5 6 -7 -8
leaf_value=-0.00050941468282595932 -0.00027988607702124563 -0.0076033302602799314 0.019152166991653612 -0.0077849880439167067 -0.00087719639409049744 0.0017098453509206523 0.010413509765349939
leaf_weight=1901 77721 51 379 3395 635 18145 973
leaf_count=1901 77721 51 379 3395 635 18145 973
internal_value=1.77099e-07 -0.00344504 0.0150074 -0.00524307 0.000206577 9.83582e-05 0.00620196
internal_weight=103200 5726 430 5296 97474 95866 1608
internal_count=103200 5726 430 5296 97474 95866 1608
is_linear=0
shrinkage=0.054


Tree=35
num_leaves=8
num_cat=0
split_feature=0 7 0 2 6 6 0
split_gain=14.3041 21.7476 17.711 14.6325 13.2549 10.3648 9.83754
threshold=-1.1761358915951881 4.2786813779922612 -3.2205058503242974 -0.030270173055368495 0.27467480446606424 -0.28372241998034281 -2.3695653004316326
decision_type=2 2 2 2 2 2 2
left_child=2 3 4 -2 -1 -3 -4
right_child=1 5 6 -5 -6 -7 -8
leaf_value=0.0058827662898432147 -0.00061231965281262552 -0.0004225044352544303 -0.0075795748766241912 0.00073477474924291478 -0.0037838172542692221 0.013538380555452072 -0.0022929630708882747
leaf_weight=1108 43367 210 1223 51075 524 402 5291
leaf_count=1108 43367 210 1223 51075 524 402 5291
internal_value=1.0552e-06 0.000188221 -0.00215365 0.000116179 0.00273091 0.00946026 -0.00340508
internal_weight=103200 95054 8146 94442 1632 612 6514
internal_count=103200 95054 8146 94442 1632 612 6514
is_linear=0
shrinkage=0.054


Tree=36
num_leaves=8
num_cat=0
split_feature=5 6 2 5 4 2 2
split_gain=20.3235 29.7937 24.2034 17.1768 16.7058 25.3526 19.864
threshold=0.065501326389098932 -1.5733799018209282 -0.099238707166050946 -2.2657132272521521 -0.22489756293094876 0.35098748736966623 0.029171402582501563
decision_type=2 2 2 2 2 2 2
left_child=1 2 -1 -3 5 -2 -6
right_child=4 3 -4 -5 6 -7 -8
leaf_value=-0.013091589310137411 -0.00094929058781280916 -0.0057105268249132441 -0.00201841922039535 -0.00023215340044924933 0.0028506315170442171 0.006162678861390266 -0.0002938668904128171
leaf_weight=855 17274 1602 1540 54742 16779 1476 8932
leaf_count=855 17274 1602 1540 54742 16779 1476 8932
internal_value=1.33673e-06 -0.000657383 -0.00640858 -0.00039977 0.000871082 -0.000353663 0.00176184
internal_weight=103200 58739 2395 56344 44461 18750 25711
internal_count=103200 58739 2395 56344 44461 18750 25711
is_linear=0
shrinkage=0.054


Tree=37
num_leaves=8
num_cat=0
split_feature=1 1 0 1 7 1 0
split_gain=23.5545 34.1299 31.8692 19.8447 17.1877 15.0711 6.69612
threshold=-0.050020633194743806 -0.067224708798718683 -1.5772730013175278 -0.84477355063353765 4.2786813779922612 2.0429980177159934 -1.2226238437755355
decision_type=2 2 2 2 2 2 2
left_child=1 3 -3 -1 5 -2 -6
right_child=4 2 -4 -5 6 -7 -8
leaf_value=-0.0035295309638335845 0.00059127685850535216 -0.02138122129809732 -0.0036719537895860336 4.1443433528351669e-05 -0.0017877477356686663 0.0057515832470507559 0.012871596561709763
leaf_weight=4908 44440 204 5100 46519 79 1597 353
leaf_count=4908 44440 204 5100 46519 79 1597 353
internal_value=4.24436e-07 -0.000737215 -0.00481154 -0.000306728 0.000900598 0.000784831 0.0103801
internal_weight=103200 56731 5304 51427 46469 46037 432
internal_count=103200 56731 5304 51427 46469 46037 432
is_linear=0
shrinkage=0.054


Tree=38
num_leaves=8
num_cat=0
split_feature=1 3 1 3 7 2 1
split_gain=21.3615 21.252 20.5966 18.7003 20.9114 14.9566 13.7454
threshold=0.11201078665659613 1.0708836211140713 0.23330744465088013 -1.4779445868023426 0.25118109532901972 0.051606703827697414 -0.938556423907424
decision_type=2 2 2 2 2 2 2
left_child=3 2 -2 4 -1 -3 -5
right_child=1 5 -4 6 -6 -7 -8
leaf_value=-0.0057366867284790023 0.003421211439640397 0.0087047724137027729 -0.0002504469053317219 -0.0031723148155166931 0.0023358691586694551 0.00039099205265815935 -3.58927282455876e-05
leaf_weight=3510 6161 1710 15272 4206 1185 982 70174
leaf_count=3510 6161 1710 15272 4206 1185 982 70174
internal_value=-2.44714e-07 0.00140223 0.000818032 -0.000429636 -0.00369121 0.0058191 -0.00021811
internal_weight=103200 24125 21433 79075 4695 2692 74380
internal_count=103200 24125 21433 79075 4695 2692 74380
is_linear=0
shrinkage=0.054


Tree=39
num_leaves=8
num_cat=0
split_feature=5 4 5 6 6 5 5
split_gain=18.6271 20.7095 24.4499 24.0337 15.5272 11.5456 7.88087
threshold=-0.17109126936061267 -0.22489756293094876 1.2537551998682286 -0.50077270710125055 2.0895989595547699 -2.3258125239796983 -0.28694724436920532
decision_type=2 2 2 2 2 2 2
left_child=4 2 -2 -3 5 -1 -6
right_child=1 3 -4 -5 6 -7 -8
leaf_value=-0.0061117439166196059 -0.0014574554768943557 -0.00077198100543350101 0.0025403576945432407 0.0021100339612274998 0.0093191755387705879 -0.00097892817120435864 -0.0019340146820837009
leaf_weight=1216 21560 11760 5501 29273 510 33176 204
leaf_count=1216 21560 11760 5501 29273 510 33176 204
internal_value=7.24672e-08 0.000520833 -0.000637047 0.00128414 -0.00100829 -0.00118111 0.00628508
internal_weight=103200 68094 27061 41033 35106 34392 714
internal_count=103200 68094 27061 41033 35106 34392 714
is_linear=0
shrinkage=0.054


Tree=40
num_leaves=8
num_cat=0
split_feature=3 5 5 2 7 2 7
split_gain=18.5093 41.0814 24.164 17.644 15.2318 14.5673 12.3609
threshold=0.71096241413364258 -0.18849966465692161 -2.2657132272521521 0.1043774834146816 1.1137976383197026 0.24692191465796873 -3.8483204826047426
decision_type=2 2 2 2 2 2 2
left_child=2 6 3 -1 -4 -3 -2
right_child=1 5 4 -5 -6 -7 -8
leaf_value=-0.015295161990920261 0.010099061988159066 0.0015206891406764956 -0.00074752830894330856 0.00094957372795412308 0.0023683686919179965 0.0048449825302909416 -0.0015697720833012573
leaf_weight=437 151 23430 54163 279 4879 4542 15319
leaf_count=437 151 23430 54163 279 4879 4542 15319
internal_value=2.3464e-07 0.000847146 -0.000615859 -0.00973424 -0.000485716 0.00207896 -0.00137884
internal_weight=103200 43442 59758 716 59042 27972 15470
internal_count=103200 43442 59758 716 59042 27972 15470
is_linear=0
shrinkage=0.054


Tree=41
num_leaves=8
num_cat=0
split_feature=2 7 4 6 4 4 2
split_gain=11.6643 16.9758 15.7694 14.8052 18.5179 14.5796 13.2846
threshold=-0.027925037990562222 0.1417184987315164 0.93309685565191602 -1.4946926768582596 -1.3449770701178088 -1.9694034050649487 0.042594317196781688
decision_type=2 2 2 2 2 2 2
left_child=3 2 -2 5 -5 -1 -3
right_child=1 6 -4 4 -6 -7 -8
leaf_value=0.0077842664287441641 -0.00070528122999956398 0.0042400476655376626 0.0021865547535890499 -0.0034888177206817981 8.564445986222051e-05 -0.0042425872392929283 0.00098678603217200911
leaf_weight=206 29206 4815 6648 4623 38736 4331 14635
leaf_count=206 29206 4815 6648 4623 38736 4331 14635
internal_value=3.59486e-07 0.000534117 -0.000163501 -0.000615692 -0.000303985 -0.00350942 0.00181336
internal_weight=103200 55304 35854 47896 43359 4537 19450
internal_count=103200 55304 35854 47896 43359 4537 19450
is_linear=0
shrinkage=0.054


Tree=42
num_leaves=8
num_cat=0
split_feature=0 0 4 6 6 4 2
split_gain=12.7087 16.0023 14.9036 12.0537 11.8894 17.3999 11.0248
threshold=-1.1761358915951881 -3.2205058503242974 1.0394621365599672 0.27467480446606424 0.0059209541559497557 0.43909765273778723 -0.032319776357276592
decision_type=2 2 2 2 2 2 2
left_child=1 3 -3 -1 6 -6 -2
right_child=4 2 -4 -5 5 -7 -8
leaf_value=0.0056174399435418073 -0.0012401755519546309 -0.0042098386374031108 0.0031544872765790206 -0.0036012079540306057 6.8452787165214045e-06 0.0022215670002466601 0.00035335814335059134
leaf_weight=1108 23527 5674 840 524 28125 16245 27157
leaf_count=1108 23527 5674 840 524 28125 16245 27157
internal_value=7.70893e-07 -0.00203022 -0.0032199 0.00261207 0.000177192 0.000821578 -0.000387473
internal_weight=103200 8146 6514 1632 95054 44370 50684
internal_count=103200 8146 6514 1632 95054 44370 50684
is_linear=0
shrinkage=0.054


Tree=43
num_leaves=8
num_cat=0
split_feature=3 6 0 2 6 6 2
split_gain=16.6157 21.3979 16.5149 13.127 8.83153 9.01313 7.96673
threshold=0.59298524306137346 -0.31638060998359224 -1.2723443459431494 -0.035969979705951192 -1.8402888435481153 -0.10622714075010603 0.33975262074199603
decision_type=2 2 2 2 2 2 2
left_child=1 3 -3 -1 6 -6 -2
right_child=4 2 -4 -5 5 -7 -8
leaf_value=-0.0036568685683732297 -0.0038345984375670423 -0.0041444119061553666 0.000383227811824445 -0.00071887950140549705 0.0018341932065125794 0.00027499143429209814 0.0074318729551629834
leaf_weight=8662 1715 2391 36345 9112 18049 26834 92
leaf_count=8662 1715 2391 36345 9112 18049 26834 92
internal_value=8.75077e-07 -0.000621336 9.17512e-05 -0.00216575 0.000753671 0.000905279 -0.0028325
internal_weight=103200 56510 38736 17774 46690 44883 1807
internal_count=103200 56510 38736 17774 46690 44883 1807
is_linear=0
shrinkage=0.054


Tree=44
num_leaves=8
num_cat=0
split_feature=1 5 1 5 2 4 1
split_gain=19.5548 40.4329 35.2953 29.2876 25.4454 17.2183 13.1128
threshold=-0.050020633194743806 0.48771809585069564 -0.067224708798718683 -2.1254780671206999 0.26562918653255996 -1.0400857288367098 2.0429980177159934
decision_type=2 2 2 2 2 2 2
left_child=1 5 -3 4 -2 -1 -5
right_child=3 2 -4 6 -6 -7 -8
leaf_value=-0.0040743237123358226 -0.011101028814561186 0.0027872359731455935 -0.0063770870822650637 0.00087700875340148928 0.004197913306101057 -0.0010266770575383815 0.0057447095248896645
leaf_weight=6248 946 12278 1246 43585 376 36959 1562
leaf_count=6248 946 12278 1246 43585 376 36959 1562
internal_value=6.73983e-07 -0.000671424 0.00189405 0.000820868 -0.00676063 -0.00147751 0.00106026
internal_weight=103200 56731 13524 46469 1322 43207 45147
internal_count=103200 56731 13524 46469 1322 43207 45147
is_linear=0
shrinkage=0.054


Tree=45
num_leaves=8
num_cat=0
split_feature=0 7 7 0 6 0 6
split_gain=11.87 17.6227 15.6921 19.6613 12.3063 11.4637 6.92828
threshold=0.17744545555134608 0.51399122087746896 0.64194029405183095 -0.15256110828807404 1.9034509124142829 0.12316633517484717 0.019478213258687874
decision_type=2 2 2 2 2 2 2
left_child=2 4 5 -4 -2 -1 -3
right_child=1 6 3 -5 -6 -7 -8
leaf_value=4.4926338818392352e-05 0.00025168482859642955 0.0013230277806713284 -0.0053051787578693261 0.001919017993077327 -0.0053068553142475916 -0.0025369830873742962 0.0040445702934875016
leaf_weight=55807 24471 6342 3698 1469 1099 5389 4925
leaf_count=55807 24471 6342 3698 1469 1099 5389 4925
internal_value=7.34636e-08 0.000775958 -0.00043119 -0.00325386 -1.07892e-05 -0.000186916 0.00254298
internal_weight=103200 36837 66363 5167 25570 61196 11267
internal_count=103200 36837 66363 5167 25570 61196 11267
is_linear=0
shrinkage=0.054


Tree=46
num_leaves=8
num_cat=0
split_feature=1 5 0 1 0 2 1
split_gain=18.2973 35.5313 21.8394 15.7304 31.4451 15.83 11.2294
threshold=-0.71810102789280006 -0.17109126936061267 0.62823051274765407 2.0429980177159934 0.12316633517484717 0.35098748736966623 -2.0055468765714308
decision_type=2 2 2 2 2 2 2
left_child=1 6 -3 5 -5 -2 -1
right_child=3 2 -4 4 -6 -7 -8
leaf_value=-0.0024863599886755629 -0.00025243991317763575 -0.001546317369325584 0.0094357797038304818 -0.0024182618160022464 0.011911431245185343 0.0015139955492428101 -0.011505615002362421
leaf_weight=685 77721 3284 505 779 829 18145 1252
leaf_count=685 77721 3284 505 779 829 18145 1252
internal_value=-2.25913e-07 -0.00293469 0.000161422 0.000175525 0.00528196 8.33481e-05 -0.00864848
internal_weight=103200 5726 3789 97474 1608 95866 1937
internal_count=103200 5726 3789 97474 1608 95866 1937
is_linear=0
shrinkage=0.054


Tree=47
num_leaves=8
num_cat=0
split_feature=3 7 4 7 6 7 3
split_gain=15.0237 18.1073 33.5448 11.1373 18.7442 10.47 9.12438
threshold=-1.3875582346094844 0.017422259327221228 -0.72012733059842915 4.2786813779922612 -0.3388959259823458 -2.2932063534149836 -1.460602129951047
decision_type=2 2 2 2 2 2 2
left_child=1 2 -1 5 -5 -2 -3
right_child=3 6 -4 4 -6 -7 -8
leaf_value=-0.010039356057559927 0.0038617892824004047 0.0022918644775224545 -0.001411633651756483 -0.0046019607890791332 0.011763851165740385 0.0001010926145512458 -0.0017556069054362299
leaf_weight=1629 2094 3405 5501 231 473 86971 2896
leaf_count=1629 2094 3405 5501 231 473 86971 2896
internal_value=2.43827e-08 -0.00167607 -0.00351673 0.00025273 0.0065024 0.000194617 0.000433143
internal_weight=103200 13431 7130 89769 704 89065 6301
internal_count=103200 13431 7130 89769 704 89065 6301
is_linear=0
shrinkage=0.054


Tree=48
num_leaves=8
num_cat=0
split_feature=1 1 3 3 7 7 7
split_gain=16.8839 29.6275 20.2724 17.9265 21.8486 17.2207 13.8121
threshold=-0.050020633194743806 -0.067224708798718683 -1.4719620516563416 1.0708836211140713 -0.3453679859727648 0.10500445808350621 4.2786813779922612
decision_type=2 2 2 2 2 2 2
left_child=1 2 -1 6 -5 -3 -2
right_child=3 5 -4 4 -6 -7 -8
leaf_value=-0.004128830383778162 0.0002892383640748686 -0.0066995443646089715 6.9887902791535651e-05 0.0099004337592619538 0.0016194379213876537 -0.00033496596387846533 0.0090973440425760853
leaf_weight=3485 41356 3355 47942 1173 3534 1949 406
leaf_count=3485 41356 3355 47942 1173 3534 1949 406
internal_value=3.48236e-08 -0.000624477 -0.000223539 0.000762164 0.00387847 -0.00442048 0.000400753
internal_weight=103200 56731 51427 46469 4707 5304 41762
internal_count=103200 56731 51427 46469 4707 5304 41762
is_linear=0
shrinkage=0.054


Tree=49
num_leaves=8
num_cat=0
split_feature=0 2 7 6 6 2 0
split_gain=10.5004 16.4434 15.4454 14.9971 11.0505 8.3742 4.83897
threshold=-1.2723443459431494 -1.936943203016541 4.2786813779922612 0.41865981777002687 0.0059209541559497557 0.33975262074199603 -1.5772730013175278
decision_type=2 2 2 2 2 2 2
left_child=1 6 4 -3 -2 -4 -1
right_child=2 3 5 -5 -6 -7 -8
leaf_value=0.01524805747218754 -0.00045174120441714426 -0.00077706004408590549 0.0098536189761184358 -0.0061331160253757563 0.00071265617120106254 -0.0050668028554268947 -0.00078579019282283731
leaf_weight=87 50800 5105 564 2081 44450 54 59
leaf_count=87 50800 5105 564 2081 44450 54 59
internal_value=6.49821e-07 -0.00195198 0.000152269 -0.00240375 9.18289e-05 0.00793435 0.011327
internal_weight=103200 7332 95868 7186 95250 618 146
internal_count=103200 7332 95868 7186 95250 618 146
is_linear=0
shrinkage=0.054


Tree=50
num_leaves=8
num_cat=0
split_feature=0 2 4 7 7 7 0
split_gain=9.65358 16.2708 30.068 23.9391 14.4197 17.9059 11.0119
threshold=0.17744545555134608 -0.13950724510468901 -1.8178696346359542 1.0698128986569195 0.64194029405183095 1.6559318333896214 -3.6758043195544512
decision_type=2 2 2 2 2 2 2
left_child=4 2 -2 -3 6 -6 -1
right_child=1 3 -4 -5 5 -7 -8
leaf_value=0.0052954030546499128 -0.011313521775645919 0.00067420788670605896 -0.00028417853717413715 0.0050060353615131864 -0.0052259720286455076 0.0014555835774328126 -0.00024908691007488072
leaf_weight=943 660 22220 9595 4362 3506 1661 60253
leaf_count=943 660 22220 9595 4362 3506 1661 60253
internal_value=1.40072e-06 0.000701107 -0.00111692 0.00140445 -0.000387518 -0.0030933 -0.000153409
internal_weight=103200 36837 10255 26582 66363 5167 61196
internal_count=103200 36837 10255 26582 66363 5167 61196
is_linear=0
shrinkage=0.054


Tree=51
num_leaves=8
num_cat=0
split_feature=1 3 1 2 2 6 6
split_gain=16.3974 16.464 16.2572 25.6787 15.3064 14.7509 14.5834
threshold=-0.84477355063353765 -1.5416645742108765 -2.0055468765714308 0.0035804031810249656 0.35098748736966623 1.0935622621140997 0.13001948088994339
decision_type=2 2 2 2 2 2 2
left_child=2 5 3 -1 -3 -2 -4
right_child=1 4 6 -5 -6 -7 -8
leaf_value=0.005886846686025007 -0.0061562116783982291 -6.3873796639634213e-05 -0.0083239979755100231 -0.0056076537454040811 0.0016736056569097348 0.0041897526247122877 -0.00036348864991331769
leaf_weight=1120 1919 77834 1818 925 18129 410 1045
leaf_count=1120 1919 77834 1818 925 18129 410 1045
internal_value=1.03256e-06 0.000154735 -0.00300684 0.000663738 0.000266017 -0.00421774 -0.00555081
internal_weight=103200 98292 4908 2045 95963 2329 2863
internal_count=103200 98292 4908 2045 95963 2329 2863
is_linear=0
shrinkage=0.054


Tree=52
num_leaves=8
num_cat=0
split_feature=0 2 6 7 6 6 0
split_gain=9.43962 15.5264 13.8483 13.4542 9.59658 8.49407 4.61134
threshold=-1.2723443459431494 -1.936943203016541 0.083580265359042394 4.2786813779922612 0.0059209541559497557 -0.28372241998034281 -1.5772730013175278
decision_type=2 2 2 2 2 2 2
left_child=1 6 -3 4 -2 -5 -1
right_child=3 2 -4 5 -6 -7 -8
leaf_value=0.01487685016165285 -0.00041878518897411925 -0.00029884540934324019 -0.0050791580816824267 -0.0011359746811995873 0.00066631254384804013 0.01109172038435291 -0.00076983358192377256
leaf_weight=87 50800 4270 2916 211 44450 407 59
leaf_count=87 50800 4270 2916 211 44450 407 59
internal_value=4.22859e-07 -0.00185095 -0.00229058 0.000144181 8.77667e-05 0.00740736 0.0110489
internal_weight=103200 7332 7186 95868 95250 618 146
internal_count=103200 7332 7186 95868 95250 618 146
is_linear=0
shrinkage=0.054


Tree=53
num_leaves=8
num_cat=0
split_feature=5 6 6 7 7 5 5
split_gain=15.9759 24.3745 16.8048 14.2653 13.7693 12.614 11.0467
threshold=0.065501326389098932 -1.4466488879257418 1.9034509124142829 -0.90309848852566388 -3.8483204826047426 -2.3258125239796983 -0.16601268682297665
decision_type=2 2 2 2 2 2 2
left_child=1 6 4 -4 -2 -3 -1
right_child=2 5 3 -5 -6 -7 -8
leaf_value=-0.0017887741113645304 -0.0096956583073147789 -0.0055667900363972579 0.0071443852351585936 -0.0065474684847967651 0.0010578618139344665 -0.00018548058831194085 -0.0081625282239846213
leaf_weight=1666 231 1181 160 1329 42741 54329 1563
leaf_count=1666 231 1181 160 1329 42741 54329 1563
internal_value=1.58317e-06 -0.000582443 0.000772712 -0.00465143 0.000973154 -0.00031178 -0.00505673
internal_weight=103200 58739 44461 1489 42972 55510 3229
internal_count=103200 58739 44461 1489 42972 55510 3229
is_linear=0
shrinkage=0.054


Tree=54
num_leaves=8
num_cat=0
split_feature=5 2 4 7 7 4 5
split_gain=14.743 23.6986 16.9909 16.8431 14.1616 30.2326 10.9515
threshold=0.63414557065937094 0.19733626790189032 -0.53798392751974788 -0.084991756745449606 -0.14025399162795665 0.69892945898853365 -2.3258125239796983
decision_type=2 2 2 2 2 2 2
left_child=4 3 -3 -2 5 -1 -6
right_child=1 2 -4 -5 6 -7 -8
leaf_value=-0.0022389149273575946 0.0023877605403389308 0.013886944622358909 0.0031702769666117447 -0.00085759203653859703 -0.0056360071468202324 0.0014767687441440175 0.00034188215812057827
leaf_weight=23009 8598 546 1533 9927 790 8724 50073
leaf_count=23009 8598 546 1533 9927 790 8724 50073
internal_value=1.41523e-09 0.00128798 0.00659021 0.000654201 -0.000322662 -0.0012156 0.000235934
internal_weight=103200 20604 2079 18525 82596 31733 50863
internal_count=103200 20604 2079 18525 82596 31733 50863
is_linear=0
shrinkage=0.054


Tree=55
num_leaves=8
num_cat=0
split_feature=1 1 7 7 6 6 1
split_gain=15.3699 15.796 24.1227 15.5752 13.7168 19.9499 7.14992
threshold=0.11201078665659613 0.21025517116457601 -0.10621095269461378 -0.57508235013576914 2.1704200628893404 1.990643169699805 -0.088095519384140356
decision_type=2 2 2 2 2 2 2
left_child=4 2 -2 -3 5 -1 -6
right_child=1 3 -4 -5 6 -7 -8
leaf_value=-0.00031595838234196828 0.0077837769751725652 -0.0029926602441560438 0.0006683513667253109 0.0011276555960366792 0.00016233457854218286 -0.0061778983915455176 0.0092225327346135526
leaf_weight=76505 2289 3115 3344 15377 423 1612 535
leaf_count=76505 2289 3115 3344 15377 423 1612 535
internal_value=7.88679e-07 0.00119047 0.00366226 0.000418618 -0.000363392 -0.000446248 0.00568795
internal_weight=103200 24125 5633 18492 79075 78117 958
internal_count=103200 24125 5633 18492 79075 78117 958
is_linear=0
shrinkage=0.054


Tree=56
num_leaves=8
num_cat=0
split_feature=5 2 2 7 4 2 2
split_gain=13.3927 13.4931 29.8272 14.9354 12.0351 20.6023 19.8686
threshold=0.065501326389098932 -0.039855108863610759 -0.093424230693935448 1.6559318333896214 -0.22489756293094876 0.029171402582501563 0.35098748736966623
decision_type=2 2 2 2 2 2 2
left_child=1 2 -1 -3 6 -6 -2
right_child=4 3 -4 -5 5 -7 -8
leaf_value=-0.00059885659341739263 -0.00085915047949013774 -0.00012041873478985691 -0.005492990541886341 0.0049205852121018811 0.0025726618919933329 -0.00062638097494846913 0.0054368778412264441
leaf_weight=19197 17274 33486 4370 1686 16779 8932 1476
leaf_count=19197 17274 33486 4370 1686 16779 8932 1476
internal_value=1.34196e-06 -0.000533386 -0.00152971 0.000137059 0.000707384 0.00146346 -0.000331961
internal_weight=103200 58739 23567 35172 44461 25711 18750
internal_count=103200 58739 23567 35172 44461 25711 18750
is_linear=0
shrinkage=0.054


Tree=57
num_leaves=8
num_cat=0
split_feature=1 0 0 0 1 4 1
split_gain=14.8662 27.9383 33.343 24.8394 13.8294 26.3188 12.2473
threshold=2.0429980177159934 0.11953153514636065 2.8611773850965698 -0.81242822202512943 -0.938556423907424 -0.61983539015334832 0.76379340546049423
decision_type=2 2 2 2 2 2 2
left_child=4 3 -3 -2 5 -1 -6
right_child=1 2 -4 -5 6 -7 -8
leaf_value=-0.0097447178038890941 0.010816588673214703 0.014431071682122029 -0.01276892528917703 -0.0076845246888441821 0.00018211347569826081 -0.00049777228951027052 -0.0028194792698923721
leaf_weight=1108 186 779 59 584 93073 3391 4020
leaf_count=1108 186 779 59 584 93073 3391 4020
internal_value=1.59341e-06 0.00496827 0.0111536 -0.00235655 -8.27615e-05 -0.00296967 5.4482e-05
internal_weight=103200 1608 838 770 101592 4499 97093
internal_count=103200 1608 838 770 101592 4499 97093
is_linear=0
shrinkage=0.054


Tree=58
num_leaves=8
num_cat=0
split_feature=3 4 6 4 3 6 3
split_gain=13.5142 15.8804 15.1297 11.2647 14.8281 13.2988 8.21309
threshold=0.71096241413364258 -1.1165676326190195 -0.32750192270821593 0.40838419402883036 1.2540069961680615 0.21780518545532787 0.46055294586222806
decision_type=2 2 2 2 2 2 2
left_child=1 6 -3 5 -5 -2 -1
right_child=3 2 -4 4 -6 -7 -8
leaf_value=-0.0032427707548606465 0.00085744799668449482 -0.0015665481569409842 0.00044604152206376857 0.0020506930622009776 -0.0095804473102511691 -0.0017059275362596316 0.0020669190907189865
leaf_weight=7597 18492 15519 35770 16219 209 8522 872
leaf_count=7597 18492 15519 35770 16219 209 8522 872
internal_value=9.96018e-07 -0.000525438 -0.00016511 0.000724664 0.00183416 4.47224e-05 -0.00267451
internal_weight=103200 59758 51289 43442 16428 27014 8469
internal_count=103200 59758 51289 43442 16428 27014 8469
is_linear=0
shrinkage=0.054


Tree=59
num_leaves=8
num_cat=0
split_feature=0 2 2 2 0 6 6
split_gain=8.36628 8.83959 8.19856 9.33301 7.89737 2.7586 1.88998
threshold=4.8293610390019293 -0.008504740695110204 -5.5585970987012896 -3.3140445718754061 0.6466869839965691 -0.41760121433489689 -0.011007444989721728
decision_type=2 2 2 2 2 2 2
left_child=2 6 4 -4 -1 -3 -2
right_child=1 5 3 -5 -6 -7 -8
leaf_value=-0.0096008351537024052 -0.0049609970249701292 0.0010513283834200015 0.0053560497910422871 -4.9483759898622305e-05 0.0049982622144025797 0.01447667364376482 0.0025328145222747742
leaf_weight=342 96 78 820 101575 59 151 79
leaf_count=342 96 78 820 101575 59 151 79
internal_value=2.71344e-07 0.00680629 -3.43558e-05 0 -0.00679116 0.0118454 -0.00191473
internal_weight=103200 404 102796 102395 401 229 175
internal_count=103200 404 102796 102395 401 229 175
is_linear=0
shrinkage=0.054


Tree=60
num_leaves=8
num_cat=0
split_feature=3 2 7 6 7 7 6
split_gain=12.0526 12.5451 18.7355 10.43 25.4901 9.32003 6.89305
threshold=0.71096241413364258 0.081600812776772863 1.1137976383197026 -1.8402888435481153 -0.93477917106567165 -0.14710891021571362 -0.10622714075010603
decision_type=2 2 2 2 2 2 2
left_child=1 2 -1 4 -2 -3 -5
right_child=3 5 -4 6 -6 -7 -8
leaf_value=-0.0014166540470803477 0.01197141871339125 0.0020132517959956771 0.0027335621912994638 0.0016948892548368931 -0.0057145640131821005 -0.00034206420505128161 0.00028210262537830958
leaf_weight=36117 163 7999 3365 16877 1530 12277 24872
leaf_count=36117 163 7999 3365 16877 1530 12277 24872
internal_value=1.12384e-06 -0.000496027 -0.00105566 0.00068454 -0.00333062 0.000593367 0.000856506
internal_weight=103200 59758 39482 43442 1693 20276 41749
internal_count=103200 59758 39482 43442 1693 20276 41749
is_linear=0
shrinkage=0.054


Tree=61
num_leaves=8
num_cat=0
split_feature=1 1 7 7 6 6 1
split_gain=13.7308 15.5572 22.692 14.0696 12.9458 18.2948 6.65216
threshold=0.11776418961360668 0.21025517116457601 0.19032442395741608 -0.57508235013576914 2.1704200628893404 1.990643169699805 -0.088095519384140356
decision_type=2 2 2 2 2 2 2
left_child=4 2 -2 -3 5 -1 -6
right_child=1 3 -4 -5 6 -7 -8
leaf_value=-0.00029477463933346598 0.0060531758038105277 -0.0028484043056654501 -0.0014743183973476633 0.0010676835171859512 0.00017464950854146534 -0.0059000397663990537 0.00890133957195249
leaf_weight=76896 3584 3115 1646 15377 423 1617 542
leaf_count=76896 3584 3115 1646 15377 423 1617 542
internal_value=1.76838e-06 0.00113858 0.00370367 0.000393757 -0.000338708 -0.000419079 0.00552094
internal_weight=103200 23722 5230 18492 79478 78513 965
internal_count=103200 23722 5230 18492 79478 78513 965
is_linear=0
shrinkage=0.054


Tree=62
num_leaves=8
num_cat=0
split_feature=3 6 6 2 3 4 2
split_gain=11.9352 10.5847 8.76081 8.281 9.89655 8.55762 6.92639
threshold=-1.5416645742108765 1.0935622621140997 -0.027308700480632792 0.38624052778423656 1.0061606701979995 0.57019662469602483 0.0054802406684109619
decision_type=2 2 2 2 2 2 2
left_child=1 2 -1 4 -2 -5 -3
right_child=3 6 -4 5 -6 -7 -8
leaf_value=-0.0019886251187807829 -0.00043164546693575236 0.0083995142816183435 -0.0092378491517059423 0.00029272499582034975 0.0010265496885105494 0.0027847817611889492 -0.0029457991177062374
leaf_weight=1217 66018 216 802 11775 16957 6008 207
leaf_count=1217 66018 216 802 11775 16957 6008 207
internal_value=2.02768e-06 -0.00363772 -0.00522618 9.44906e-05 -0.00013256 0.00114784 0.00341853
internal_weight=103200 2442 2019 100758 82975 17783 423
internal_count=103200 2442 2019 100758 82975 17783 423
is_linear=0
shrinkage=0.054


Tree=63
num_leaves=8
num_cat=0
split_feature=5 0 0 0 2 0 5
split_gain=13.0276 43.93 35.9562 24.9065 17.3829 15.3266 5.03026
threshold=0.63414557065937094 2.8611773850965698 -0.62301911685970846 -0.73386076340293505 -0.008504740695110204 0.80178322880431352 1.2537551998682286
decision_type=2 2 2 2 2 2 2
left_child=3 2 -2 4 -1 -5 -3
right_child=1 6 -4 5 -6 -7 -8
leaf_value=-0.0048515765649826932 0.0069477315458611535 -0.0029767263377136126 0.00058270607695595268 -0.00024778629269301994 -0.00055873037452915846 0.0020437416548924731 -0.021979193956885926
leaf_weight=5349 2925 100 17444 61894 5608 9745 135
leaf_count=5349 2925 100 17444 61894 5608 9745 135
internal_value=1.78504e-06 0.00121252 0.0015322 -0.000301527 -0.00268452 6.67873e-05 -0.0176402
internal_weight=103200 20604 20369 82596 10957 71639 235
internal_count=103200 20604 20369 82596 10957 71639 235
is_linear=0
shrinkage=0.054


Tree=64
num_leaves=8
num_cat=0
split_feature=5 6 6 7 6 2 6
split_gain=12.3952 25.6376 27.3478 10.8225 10.6651 14.2686 10.5464
threshold=-1.2374692510414074 0.051905977640987651 -0.53286136123701666 0.48314853684657572 -1.0228788140507599 0.070882579234016654 1.9034509124142829
decision_type=2 2 2 2 2 2 2
left_child=1 2 -1 -3 5 -2 -6
right_child=4 3 -4 -5 6 -7 -8
leaf_value=0.0016788008007251106 -0.0020118911456378863 0.00019672339608262259 -0.0055108284563156595 0.0065515177268597258 0.00064033797922485218 0.0016676238575597004 -0.0021407024534539072
leaf_weight=2067 11653 3871 5458 862 71138 4056 4095
leaf_count=2067 11653 3871 5458 862 71138 4056 4095
internal_value=3.64841e-07 -0.00160293 -0.00354024 0.00148803 0.000218329 -0.00105624 0.00048576
internal_weight=103200 12258 7525 4733 90942 15709 75233
internal_count=103200 12258 7525 4733 90942 15709 75233
is_linear=0
shrinkage=0.054


Tree=65
num_leaves=8
num_cat=0
split_feature=1 7 4 6 1 6 1
split_gain=13.3171 57.9579 31.5904 21.7532 12.5463 13.5157 12.2679
threshold=-0.71810102789280006 1.3972137374359315 -0.61983539015334832 -1.2687999012608524 2.4964559345563546 -1.0228788140507599 -0.4962447792134293
decision_type=2 2 2 2 2 2 2
left_child=1 2 -1 -3 6 -6 -2
right_child=4 3 -4 -5 5 -7 -8
leaf_value=-0.010921466035148585 0.0037570339633836076 -0.007336677554641899 -0.0015825066784569816 0.018264053212301824 -0.0047858877251680384 0.0079547657718964833 -2.2419435069883355e-05
leaf_weight=1350 2453 51 3946 379 224 982 93815
leaf_count=1350 2453 51 3946 379 224 982 93815
internal_value=4.13751e-07 -0.002503 -0.00415283 0.0142845 0.000150398 0.00536735 7.84141e-05
internal_weight=103200 5726 5296 430 97474 1206 96268
internal_count=103200 5726 5296 430 97474 1206 96268
is_linear=0
shrinkage=0.054


Tree=66
num_leaves=8
num_cat=0
split_feature=3 0 0 6 6 6 0
split_gain=10.74 9.82321 14.0591 9.71589 8.36315 7.93262 7.18401
threshold=-1.5416645742108765 -1.1761358915951881 -3.2205058503242974 1.1204776131905352 0.019478213258687874 -0.027308700480632792 -0.044010958260975487
decision_type=2 2 2 2 2 2 2
left_child=3 2 -2 5 -3 -1 -5
right_child=1 4 -4 6 -6 -7 -8
leaf_value=-0.0018685695223611617 0.0027031180145026291 -0.00021899934731432893 -0.0028345603607407097 0.0094296046319021359 0.00081010580256138951 -0.0087422861137560291 -0.0023026913320813879
leaf_weight=1217 1579 50926 6403 162 41850 812 251
leaf_count=1217 1579 50926 6403 162 41850 812 251
internal_value=7.21274e-07 8.84351e-05 -0.00171495 -0.00345197 0.000245634 -0.00495523 0.00338114
internal_weight=103200 100758 7982 2442 92776 2029 413
internal_count=103200 100758 7982 2442 92776 2029 413
is_linear=0
shrinkage=0.054


Tree=67
num_leaves=8
num_cat=0
split_feature=5 6 2 0 6 0 5
split_gain=11.8587 21.0728 20.1997 16.6289 14.4383 24.6564 13.7672
threshold=0.065501326389098932 -1.5733799018209282 -0.099238707166050946 0.015184919512833406 1.9034509124142829 -0.065442500272770002 0.15543857718097062
decision_type=2 2 2 2 2 2 2
left_child=1 2 -1 -3 6 -6 -2
right_child=4 3 -4 -5 5 -7 -8
leaf_value=-0.011434404352344643 0.0028222498017259172 -0.0012724096973634302 -0.001371773962586731 0.0005829574669259745 0.0033001675196290435 -0.0098752917942374081 0.00037663228827096646
leaf_weight=855 8215 26368 1540 29976 643 846 34757
leaf_count=855 8215 26368 1540 29976 643 846 34757
internal_value=4.88417e-07 -0.000502681 -0.00533932 -0.000286133 0.000664867 -0.00436222 0.000850783
internal_weight=103200 58739 2395 56344 44461 1489 42972
internal_count=103200 58739 2395 56344 44461 1489 42972
is_linear=0
shrinkage=0.054


end of trees

feature_importances:
gp_factor_6=83
gp_factor_2=80
gp_factor_7=73
gp_factor_1=63
gp_factor_0=57
gp_factor_5=48
gp_factor_4=37
gp_factor_3=35

parameters:
[boosting: gbdt]
[objective: regression]
[metric: rmse]
[tree_learner: serial]
[device_type: cpu]
[data_sample_strategy: bagging]
[data: ]
[valid: ]
[num_iterations: 500]
[learning_rate: 0.054]
[num_leaves: 32]
[num_threads: 0]
[seed: 0]
[deterministic: 0]
[force_col_wise: 0]
[force_row_wise: 0]
[histogram_pool_size: -1]
[max_depth: 3]
[min_data_in_leaf: 50]
[min_sum_hessian_in_leaf: 0.001]
[bagging_fraction: 0.5]
[pos_bagging_fraction: 1]
[neg_bagging_fraction: 1]
[bagging_freq: 0]
[bagging_seed: 3]
[bagging_by_query: 0]
[feature_fraction: 0.5]
[feature_fraction_bynode: 1]
[feature_fraction_seed: 2]
[extra_trees: 0]
[extra_seed: 6]
[early_stopping_round: 0]
[early_stopping_min_delta: 0]
[first_metric_only: 0]
[max_delta_step: 0]
[lambda_l1: 0.05]
[lambda_l2: 120]
[linear_lambda: 0]
[min_gain_to_split: 0]
[drop_rate: 0.1]
[max_drop: 50]
[skip_drop: 0.5]
[xgboost_dart_mode: 0]
[uniform_drop: 0]
[drop_seed: 4]
[top_rate: 0.2]
[other_rate: 0.1]
[min_data_per_group: 100]
[max_cat_threshold: 32]
[cat_l2: 10]
[cat_smooth: 10]
[max_cat_to_onehot: 4]
[top_k: 20]
[monotone_constraints: ]
[monotone_constraints_method: basic]
[monotone_penalty: 0]
[feature_contri: ]
[forcedsplits_filename: ]
[refit_decay_rate: 0.9]
[cegb_tradeoff: 1]
[cegb_penalty_split: 0]
[cegb_penalty_feature_lazy: ]
[cegb_penalty_feature_coupled: ]
[path_smooth: 0]
[interaction_constraints: ]
[verbosity: -1]
[saved_feature_importance_type: 0]
[use_quantized_grad: 0]
[num_grad_quant_bins: 4]
[quant_train_renew_leaf: 0]
[stochastic_rounding: 1]
[linear_tree: 0]
[max_bin: 255]
[max_bin_by_feature: ]
[min_data_in_bin: 3]
[bin_construct_sample_cnt: 200000]
[data_random_seed: 1]
[is_enable_sparse: 1]
[enable_bundle: 1]
[use_missing: 1]
[zero_as_missing: 0]
[feature_pre_filter: 1]
[pre_partition: 0]
[two_round: 0]
[header: 0]
[label_column: ]
[weight_column: ]
[group_column: ]
[ignore_column: ]
[categorical_feature: ]
[forcedbins_filename: ]
[precise_float_parser: 0]
[parser_config_file: ]
[objective_seed: 5]
[num_class: 1]
[is_unbalance: 0]
[scale_pos_weight: 1]
[sigmoid: 1]
[boost_from_average: 1]
[reg_sqrt: 0]
[alpha: 0.9]
[fair_c: 1]
[poisson_max_delta_step: 0.7]
[tweedie_variance_power: 1.5]
[lambdarank_truncation_level: 30]
[lambdarank_norm: 1]
[label_gain: ]
[lambdarank_position_bias_regularization: 0]
[eval_at: ]
[multi_error_top_k: 1]
[auc_mu_weights: ]
[num_machines: 1]
[local_listen_port: 12400]
[time_out: 120]
[machine_list_filename: ]
[machines: ]
[gpu_platform_id: -1]
[gpu_device_id: -1]
[gpu_use_dp: 0]
[num_gpu: 1]

end of parameters

pandas_categorical:[]
